125.50
275.52
1258.95
75.95
38.65
25758.95
2854.65
15.75
458.95
654.32
1658.25
275.32
9985.21
13500.25
2758.32
1457.25
37.85
4.58
54.87
16.98
5
25.75
95.75
12.52
-13.75
-14.75
3
78.95
-14.75
78.95
7
100.25
100.25
-25.75
-98.85
100.25
-15.32
-250.75
8
25.75
25.75
-32.95
-14.95
25.75
25.75
-50.75
-5.95
4
15.95
-9.99
-12.99
15.95
2
100.95
-5.95
6
45.75
-15.95
-12.75
45.75
-8.75
45.75
8
100.25
-15.95
-12.75
-16
100.25
-65.5
100.25
-5.25
9
75
75
-15.25
-25.75
75
75
-32.5
-52.75
75
2
125.75
-52.75
5
95.75
-42.5
95.75
-36.5
95.75
3
100.25
-36.5
100.25
6
36.5
36.5
-42.5
-53
36.5
36.5
5
-15.75
-15.75
52.5
52.5
-15.75
3
100.65
-52.5
-275.35
6
75.65
75.65
-27.5
-98.75
75.65
-125.75
4
78.5
-15.36
-25.75
-50.75
5
36.75
36.75
15.75
-25
-25
1
45.75
6
-15
-15
7.5
7.5
-3.25
7.5